68625,000000
68625,000000
68625,000000
68625,000000
68625,000000
64560,000000
64560,000000
64560,000000
64560,000000
64560,000000
64560,000000
64560,000000
64560,000000
64560,000000
64560,000000
64560,000000
64560,000000
64560,000000
64560,000000
64560,000000
64560,000000
64560,000000
64560,000000
64560,000000
64560,000000
64560,000000
64560,000000
64560,000000
64560,000000
64560,000000
64560,000000
64560,000000
64560,000000
64560,000000
64560,000000
64560,000000
64560,000000
64560,000000
64560,000000
64560,000000
64560,000000
64560,000000
64560,000000
64560,000000
64560,000000
64560,000000
64560,000000
64560,000000
64560,000000
64560,000000
64137,000000
64137,000000
64137,000000
64137,000000
64137,000000
64137,000000
63947,000000
67140,000000
67140,000000
67140,000000
63947,000000
63947,000000
63191,000000
63191,000000
63191,000000
63191,000000
63191,000000
63191,000000
62497,000000
62497,000000
62277,000000
62277,000000
62277,000000
65167,000000
65167,000000
65167,000000
65167,000000
65167,000000
65167,000000
65167,000000
62970,000000
62970,000000
62970,000000
62970,000000
62970,000000
62970,000000
62970,000000
62277,000000
62277,000000
60242,000000
62297,000000
62297,000000
62297,000000
62297,000000
62297,000000
62297,000000
62297,000000
62297,000000
62297,000000
62297,000000
62297,000000
62297,000000
62297,000000
62297,000000
62297,000000
62297,000000
62297,000000
63686,000000
63686,000000
62407,000000
62407,000000
62407,000000
62407,000000
62407,000000
62407,000000
62407,000000
62407,000000
62407,000000
62407,000000
62407,000000
62407,000000
62407,000000
62407,000000
62046,000000
62046,000000
62046,000000
62046,000000
62046,000000
62046,000000
62046,000000
62046,000000
62046,000000
62046,000000
62046,000000
62046,000000
61339,000000
61339,000000
61033,000000
61033,000000
61033,000000
61033,000000
61033,000000
61033,000000
61033,000000
59897,000000
59897,000000
59897,000000
59897,000000
59897,000000
59897,000000
59897,000000
59897,000000
59897,000000
59897,000000
59147,000000
59147,000000
59147,000000
59530,000000
59530,000000
59530,000000
59530,000000
59530,000000
59530,000000
59530,000000
59530,000000
59530,000000
59530,000000
59530,000000
59530,000000
61520,000000
61520,000000
61520,000000
61520,000000
61520,000000
61520,000000
61520,000000
61520,000000
61520,000000
61520,000000
61520,000000
61520,000000
61520,000000
61520,000000
61520,000000
61520,000000
59621,000000
59621,000000
59621,000000
59621,000000
59621,000000
59621,000000
59621,000000
59621,000000
59621,000000
59621,000000
59621,000000
59621,000000
59621,000000
59621,000000
59621,000000
59621,000000
59621,000000
59621,000000
59621,000000
59621,000000
59621,000000
59621,000000
62051,000000
62051,000000
62051,000000
62051,000000
62051,000000
62051,000000
62051,000000
62051,000000
62051,000000
62051,000000
62051,000000
62051,000000
62051,000000
62051,000000
62051,000000
62051,000000
62051,000000
62051,000000
62051,000000
62051,000000
62051,000000
62051,000000
62051,000000
62051,000000
61913,000000
61913,000000
61913,000000
61913,000000
61913,000000
61913,000000
61913,000000
61913,000000
61913,000000
61913,000000
61913,000000
61913,000000
61913,000000
61913,000000
61390,000000
61390,000000
61390,000000
61390,000000
61390,000000
61390,000000
58826,000000
58826,000000
58826,000000
60780,000000
60780,000000
60780,000000
60780,000000
60780,000000
60780,000000
60780,000000
58826,000000
58826,000000
58826,000000
58826,000000
58826,000000
58826,000000
58826,000000
58826,000000
58826,000000
58826,000000
58826,000000
58826,000000
58826,000000
58826,000000
58826,000000
58826,000000
58826,000000
58826,000000
58826,000000
58826,000000
58826,000000
58826,000000
58826,000000
58826,000000
58826,000000
58826,000000
58826,000000
58826,000000
58826,000000
58826,000000
58826,000000
58826,000000
58826,000000
58826,000000
58826,000000
58826,000000
58826,000000
58826,000000
58826,000000
58826,000000
58826,000000
58826,000000
58826,000000
58826,000000
58826,000000
58826,000000
58826,000000
58826,000000
58826,000000
58826,000000
58826,000000
58826,000000
58826,000000
58826,000000
58826,000000
58826,000000
58826,000000
58826,000000
58826,000000
58826,000000
58826,000000
58826,000000
58826,000000
58826,000000
58826,000000
58826,000000
58826,000000
58826,000000
58826,000000
58826,000000
58826,000000
58826,000000
58826,000000
58826,000000
58826,000000
58826,000000
58826,000000
58826,000000
58826,000000
58826,000000
58826,000000
58826,000000
58826,000000
58826,000000
58826,000000
58826,000000
58826,000000
58826,000000
58826,000000
58826,000000
58826,000000
54253,000000
54253,000000
54253,000000
54253,000000
54253,000000
54253,000000
54253,000000
54253,000000
54253,000000
54253,000000
54253,000000
54253,000000
54253,000000
54253,000000
54253,000000
54253,000000
54253,000000
54253,000000
54253,000000
54253,000000
54253,000000
54253,000000
53779,000000
53779,000000
53779,000000
53779,000000
53779,000000
53779,000000
53779,000000
53779,000000
53779,000000
53779,000000
53779,000000
53779,000000
53779,000000
53779,000000
53779,000000
53779,000000
53779,000000
53779,000000
53779,000000
57387,000000
57387,000000
57387,000000
57387,000000
57387,000000
57387,000000
57387,000000
57387,000000
57387,000000
53281,000000
53281,000000
53281,000000
53281,000000
53281,000000
53281,000000
53281,000000
52901,000000
52901,000000
52901,000000
52901,000000
52901,000000
52901,000000
52901,000000
52901,000000
52901,000000
52901,000000
52901,000000
52901,000000
52901,000000
52901,000000
52901,000000
51630,000000
51630,000000
51630,000000
51630,000000
51630,000000
51630,000000
51630,000000
51630,000000
50507,000000
50507,000000
50507,000000
50655,000000
50655,000000
50655,000000
50655,000000
50655,000000
50655,000000
50655,000000
50655,000000
50655,000000
50507,000000
50507,000000
50507,000000
50507,000000
50507,000000
50507,000000
50507,000000
50507,000000
50507,000000
50507,000000
50507,000000
50507,000000
50202,000000
49641,000000
49641,000000
49641,000000
49641,000000
49641,000000
49641,000000
49641,000000
49641,000000
49641,000000
49641,000000
49641,000000
49641,000000
49641,000000
49641,000000
49641,000000
49641,000000
49641,000000
49641,000000
49641,000000
49641,000000
49641,000000
49641,000000
49641,000000
49641,000000
49641,000000
49641,000000
49641,000000
49641,000000
49539,000000
49539,000000
49539,000000
49539,000000
49539,000000
49539,000000
49539,000000
49539,000000
49539,000000
49649,000000
49649,000000
49649,000000
49649,000000
49649,000000
49649,000000
49539,000000
49539,000000
49539,000000
49539,000000
49539,000000
49539,000000
49539,000000
49539,000000
49539,000000
49539,000000
48414,000000
48414,000000
48414,000000
48414,000000
48414,000000
48414,000000
48414,000000
48414,000000
48414,000000
48414,000000
48414,000000
48414,000000
48414,000000
48414,000000
48414,000000
48414,000000
48414,000000
48414,000000
48414,000000
48414,000000
48414,000000
48414,000000
48414,000000
48414,000000
48414,000000
48414,000000
48414,000000
45750,000000
45750,000000
45750,000000
45750,000000
45750,000000
45750,000000
45750,000000
45750,000000
45750,000000
45750,000000
45750,000000
45750,000000
45750,000000
45750,000000
45750,000000
45750,000000
45750,000000
45750,000000
45750,000000
45750,000000
45750,000000
45750,000000
45750,000000
45750,000000
45750,000000
45750,000000
45750,000000
45750,000000
45750,000000
45750,000000
45750,000000
45750,000000
45750,000000
45649,000000
45649,000000
45594,000000
45594,000000
45594,000000
45594,000000
45594,000000
45594,000000
45594,000000
45594,000000
45594,000000
45594,000000
45594,000000
45594,000000
45594,000000
45594,000000
45594,000000
45594,000000
45594,000000
45594,000000
45594,000000
45594,000000
45594,000000
45594,000000
45594,000000
45594,000000
45594,000000
45594,000000
45594,000000
45594,000000
45594,000000
45594,000000
45594,000000
45594,000000
45594,000000
45594,000000
45594,000000
45594,000000
45594,000000
45594,000000
45594,000000
45594,000000
45594,000000
45594,000000
45594,000000
45594,000000
45594,000000
45594,000000
45594,000000
45594,000000
45594,000000
45594,000000
45594,000000
45594,000000
45594,000000
45594,000000
45594,000000
45072,000000
45072,000000
45072,000000
45072,000000
45072,000000
45072,000000
45072,000000
45072,000000
45072,000000
45072,000000
45072,000000
45072,000000
45072,000000
45072,000000
45072,000000
45072,000000
45072,000000
45072,000000
45072,000000
45072,000000
45072,000000
45072,000000
45072,000000
45072,000000
45072,000000
45072,000000
45072,000000
45072,000000
45072,000000
45072,000000
45072,000000
45072,000000
45072,000000
45072,000000
45072,000000
45072,000000
45072,000000
45072,000000
45072,000000
45072,000000
45072,000000
45072,000000
45072,000000
45072,000000
44522,000000
44522,000000
44522,000000
44522,000000
44522,000000
44522,000000
44522,000000
44522,000000
44522,000000
44522,000000
44522,000000
44522,000000
44522,000000
44522,000000
44522,000000
44522,000000
44522,000000
44522,000000
44522,000000
44522,000000
44522,000000
43670,000000
43670,000000
43670,000000
43670,000000
43670,000000
43670,000000
43670,000000
43670,000000
43670,000000
43670,000000
43670,000000
43670,000000
43670,000000
43670,000000
43670,000000
43670,000000
43670,000000
43670,000000
43670,000000
43670,000000
43670,000000
43670,000000
43670,000000
43670,000000
43670,000000
43670,000000
43670,000000
43670,000000
43670,000000
43614,000000
43614,000000
43614,000000
42998,000000
42998,000000
42998,000000
42998,000000
42998,000000
42998,000000
42998,000000
42998,000000
42998,000000
42998,000000
42998,000000
42998,000000
42998,000000
42998,000000
42998,000000
42998,000000
42998,000000
42998,000000
42892,000000
42892,000000
42892,000000
42892,000000
42892,000000
42892,000000
42892,000000
42892,000000
42892,000000
42892,000000
42892,000000
42892,000000
42892,000000
42892,000000
42892,000000
42892,000000
42892,000000
42892,000000
42892,000000
42892,000000
42068,000000
42068,000000
42068,000000
42068,000000
42068,000000
42068,000000
42068,000000
42068,000000
42068,000000
42068,000000
42068,000000
42068,000000
42068,000000
42068,000000
42068,000000
42068,000000
42068,000000
42047,000000
42047,000000
42047,000000
42047,000000
42047,000000
42047,000000
42047,000000
42047,000000
42047,000000
42047,000000
42047,000000
42047,000000
42047,000000
42047,000000
41932,000000
41932,000000
41932,000000
41932,000000
41932,000000
41932,000000
41932,000000
41932,000000
41932,000000
41932,000000
41932,000000
41932,000000
41932,000000
41932,000000
41932,000000
41932,000000
41932,000000
41932,000000
41932,000000
41871,000000
41871,000000
41871,000000
41871,000000
41509,000000
41509,000000
41509,000000
41509,000000
41509,000000
41509,000000
41509,000000
41509,000000
41509,000000
41509,000000
41509,000000
41509,000000
41509,000000
41509,000000
41509,000000
41509,000000
41509,000000
41509,000000
41509,000000
41509,000000
41509,000000
41509,000000
41509,000000
41380,000000
41380,000000
41380,000000
41380,000000
41380,000000
41380,000000
41380,000000
41380,000000
41380,000000
41380,000000
41380,000000
41380,000000
41380,000000
41380,000000
41380,000000
41380,000000
41380,000000
41380,000000
41380,000000
41380,000000
41380,000000
41380,000000
41175,000000
41175,000000
41175,000000
41175,000000
41175,000000
41175,000000
41175,000000
41175,000000
41175,000000
41175,000000
41175,000000
41175,000000
41175,000000
41175,000000
41175,000000
41175,000000
41175,000000
41175,000000
41175,000000
41175,000000
41175,000000
41175,000000
41175,000000
41175,000000
41175,000000
41175,000000
41175,000000
41175,000000
41175,000000
41175,000000
41175,000000
41175,000000
41175,000000
41175,000000
41175,000000
41175,000000
41175,000000
41175,000000
41175,000000
41175,000000
41175,000000
41175,000000
41175,000000
41175,000000
41175,000000
41175,000000
41175,000000
41175,000000
41175,000000
41175,000000
41175,000000
41175,000000
41175,000000
41175,000000
41175,000000
41175,000000
41175,000000
41175,000000
41175,000000
41175,000000
41175,000000
40751,000000
40751,000000
40751,000000
40751,000000
40751,000000
40751,000000
40751,000000
40751,000000
40751,000000
40751,000000
40751,000000
40719,000000
40719,000000
40719,000000
40719,000000
40719,000000
40719,000000
40719,000000
40719,000000
40719,000000
40719,000000
40369,000000
40369,000000
40369,000000
40369,000000
40369,000000
40369,000000
40369,000000
40369,000000
40369,000000
40369,000000
40369,000000
40369,000000
40369,000000
40369,000000
40369,000000
40369,000000
40369,000000
40369,000000
40185,000000
40185,000000
40185,000000
40185,000000
40185,000000
40185,000000
40185,000000
40185,000000
40185,000000
40185,000000
40185,000000
40185,000000
40185,000000
40185,000000
40185,000000
40185,000000
40185,000000
40185,000000
40185,000000
40185,000000
40185,000000
40185,000000
40185,000000
40185,000000
40185,000000
40185,000000
40185,000000
40185,000000
40185,000000
40185,000000
40185,000000
40185,000000
40185,000000
40185,000000
40185,000000
39988,000000
39988,000000
39988,000000
39988,000000
39988,000000
39988,000000
39988,000000
39988,000000
39988,000000
39988,000000
39988,000000
39988,000000
39988,000000
39988,000000
39988,000000
39988,000000
39988,000000
39988,000000
39988,000000
39988,000000
39988,000000
39988,000000
39988,000000
39988,000000
39988,000000
39988,000000
39988,000000
39988,000000
39988,000000
39988,000000
39988,000000
39988,000000
39988,000000
39988,000000
39988,000000
39988,000000
39988,000000
39988,000000
39988,000000
39988,000000
39988,000000
39988,000000
39988,000000
39988,000000
39988,000000
39988,000000
39988,000000
39988,000000
39988,000000
39988,000000
39945,000000
39945,000000
39945,000000
39945,000000
39945,000000
39945,000000
39945,000000
39533,000000
39533,000000
39533,000000
39533,000000
39533,000000
39533,000000
39533,000000
39533,000000
39533,000000
39533,000000
39533,000000
39533,000000
39533,000000
39533,000000
39533,000000
39533,000000
39533,000000
39533,000000
39533,000000
39533,000000
39533,000000
39533,000000
39533,000000
39533,000000
39533,000000
39533,000000
39533,000000
39533,000000
39533,000000
39533,000000
39533,000000
39533,000000
39533,000000
39533,000000
39533,000000
39233,000000
39233,000000
39233,000000
39233,000000
39233,000000
39233,000000
39233,000000
39233,000000
39233,000000
39233,000000
39233,000000
39233,000000
39233,000000
39233,000000
39233,000000
39233,000000
39233,000000
39233,000000
39233,000000
39233,000000
39233,000000
39233,000000
39233,000000
39233,000000
39233,000000
39233,000000
39233,000000
39233,000000
39233,000000
39233,000000
39233,000000
39233,000000
39233,000000
39233,000000
39233,000000
39233,000000
39233,000000
39233,000000
39233,000000
39233,000000
39233,000000
39233,000000
39233,000000
39233,000000
39233,000000
39233,000000
39233,000000
39233,000000
39233,000000
39233,000000
39233,000000
39233,000000
39233,000000
39233,000000
39233,000000
39233,000000
39233,000000
39233,000000
39233,000000
39233,000000
39233,000000
39233,000000
39233,000000
39233,000000
39233,000000
39233,000000
39233,000000
39233,000000
39233,000000
39233,000000
39233,000000
39233,000000
39233,000000
39120,000000
39120,000000
39120,000000
39120,000000
39120,000000
39120,000000
39120,000000
39120,000000
39120,000000
39120,000000
39120,000000
39120,000000
39120,000000
39120,000000
39120,000000
39120,000000
39120,000000
39120,000000
39120,000000
39120,000000
39120,000000
39120,000000
39098,000000
39098,000000
39098,000000
39098,000000
39098,000000
39098,000000
39098,000000
39098,000000
39057,000000
38570,000000
38481,000000
38481,000000
38481,000000
38481,000000
38481,000000
38481,000000
38481,000000
38481,000000
38481,000000
38481,000000
38481,000000
38481,000000
38481,000000
38256,000000
38256,000000
38256,000000
38256,000000
38256,000000
38256,000000
38256,000000
38256,000000
38256,000000
38256,000000
38256,000000
38256,000000
38256,000000
38256,000000
38256,000000
38256,000000
38256,000000
38256,000000
38256,000000
38256,000000
38256,000000
38256,000000
38256,000000
38256,000000
38256,000000
38256,000000
38256,000000
38256,000000
38256,000000
38256,000000
38256,000000
38256,000000
38256,000000
38256,000000
38256,000000
38256,000000
38256,000000
38256,000000
38256,000000
38256,000000
38256,000000
38256,000000
38256,000000
38256,000000
38256,000000
38256,000000
38256,000000
38256,000000
38256,000000
38256,000000
38256,000000
38256,000000
38256,000000
38256,000000
38256,000000
38256,000000
38256,000000
38256,000000
38256,000000
38256,000000
38256,000000
38123,000000
38123,000000
38123,000000
38123,000000
38123,000000
38123,000000
38123,000000
38123,000000
38123,000000
38123,000000
38123,000000
38123,000000
38123,000000
38123,000000
38123,000000
38123,000000
38123,000000
38123,000000
38123,000000
38123,000000
38123,000000
38123,000000
38123,000000
38123,000000
38123,000000
38123,000000
38123,000000
38123,000000
38123,000000
38123,000000
38123,000000
38123,000000
38123,000000
38123,000000
38123,000000
38123,000000
38123,000000
38123,000000
38123,000000
38123,000000
38123,000000
38123,000000
38123,000000
38123,000000
38123,000000
38123,000000
38123,000000
38123,000000
38123,000000
38123,000000
38123,000000
38123,000000
38123,000000
38123,000000
38123,000000
38123,000000
38123,000000
38123,000000
38123,000000
38123,000000
38123,000000
38123,000000
38123,000000
38123,000000
38123,000000
38123,000000
38123,000000
38123,000000
38123,000000
38123,000000
38123,000000
38123,000000
38123,000000
38123,000000
38123,000000
38123,000000
38123,000000
38123,000000
38123,000000
38123,000000
38123,000000
38123,000000
38123,000000
38123,000000
38123,000000
38123,000000
38123,000000
38123,000000
38123,000000
38123,000000
38123,000000
38123,000000
38123,000000
38123,000000
38123,000000
38123,000000
38123,000000
38123,000000
38123,000000
38123,000000
38123,000000
38123,000000
38123,000000
38123,000000
38123,000000
38123,000000
38123,000000
38123,000000
38123,000000
38123,000000
38123,000000
38123,000000
38123,000000
38123,000000
38123,000000
38123,000000
38123,000000
38123,000000
38123,000000
38123,000000
38123,000000
38123,000000
38123,000000
38123,000000
38123,000000
38123,000000
38123,000000
38123,000000
38123,000000
38123,000000
38123,000000
38123,000000
38123,000000
38123,000000
38123,000000
38123,000000
38123,000000
38123,000000
38123,000000
38123,000000
38123,000000
38123,000000
38123,000000
38123,000000
38123,000000
38123,000000
38123,000000
38123,000000
38123,000000
38123,000000
38123,000000
38123,000000
38123,000000
38123,000000
38123,000000
38123,000000
38123,000000
38123,000000
38123,000000
38123,000000
38123,000000
38123,000000
38123,000000
38123,000000
38123,000000
38123,000000
38123,000000
38123,000000
38123,000000
38123,000000
38123,000000
38123,000000
38123,000000
38123,000000
38123,000000
38123,000000
38123,000000
38123,000000
38123,000000
38123,000000
38123,000000
38123,000000
38123,000000
38123,000000
38123,000000
38123,000000
38123,000000
38123,000000
38123,000000
38123,000000
38123,000000
38123,000000
38123,000000
38123,000000
38123,000000
38123,000000
38123,000000
38123,000000
38123,000000
38123,000000
38123,000000
38123,000000
38123,000000
38123,000000
38123,000000
38123,000000
38123,000000
38123,000000
38123,000000
38123,000000
38123,000000
38123,000000
38123,000000
38123,000000
38123,000000
38123,000000
38123,000000
38123,000000
38123,000000
38123,000000
38123,000000
38123,000000
38123,000000
38123,000000
38123,000000
38123,000000
38123,000000
38123,000000
38123,000000
38123,000000
38123,000000
38123,000000
38123,000000
38123,000000
38123,000000
38123,000000
38123,000000
38123,000000
38123,000000
38123,000000
38123,000000
38123,000000
38123,000000
38123,000000
38123,000000
38096,000000
38096,000000
38096,000000
38096,000000
38096,000000
38096,000000
38096,000000
38096,000000
38096,000000
38096,000000
38096,000000
38096,000000
38096,000000
38096,000000
38096,000000
38096,000000
38096,000000
38096,000000
38096,000000
38096,000000
38096,000000
38096,000000
38096,000000
38096,000000
38096,000000
38096,000000
38096,000000
38096,000000
38096,000000
38096,000000
38096,000000
38096,000000
38096,000000
38096,000000
38096,000000
38096,000000
38096,000000
38096,000000
38096,000000
38096,000000
38096,000000
38096,000000
38096,000000
38096,000000
38096,000000
38096,000000
38096,000000
38096,000000
38096,000000
38096,000000
38096,000000
36823,000000
36823,000000
36823,000000
36823,000000
36823,000000
36823,000000
36435,000000
36435,000000
36435,000000
36435,000000
36435,000000
36435,000000
36435,000000
36435,000000
36435,000000
36435,000000
36435,000000
36435,000000
36435,000000
36435,000000
36435,000000
36435,000000
36435,000000
36435,000000
36435,000000
36435,000000
36435,000000
36435,000000
36435,000000
36435,000000
36435,000000
36435,000000
36435,000000
36435,000000
36435,000000
36435,000000
36435,000000
36435,000000
36435,000000
36435,000000
36435,000000
36435,000000
36435,000000
36435,000000
36293,000000
36293,000000
36293,000000
36293,000000
36293,000000
36293,000000
36293,000000
36293,000000
36293,000000
36293,000000
36293,000000
36293,000000
36293,000000
36293,000000
36293,000000
36293,000000
36293,000000
36293,000000
36293,000000
36293,000000
36293,000000
36293,000000
36293,000000
36293,000000
36293,000000
36293,000000
36293,000000
36293,000000
36293,000000
36293,000000
36293,000000
36293,000000
36293,000000
36223,000000
36223,000000
36223,000000
36223,000000
36223,000000
36223,000000
36223,000000
36223,000000
36223,000000
36223,000000
36096,000000
36096,000000
36096,000000
36096,000000
36096,000000
36096,000000
36096,000000
36096,000000
36096,000000
36096,000000
36096,000000
36096,000000
36096,000000
36096,000000
36096,000000
36096,000000
36096,000000
36096,000000
36096,000000
36096,000000
36096,000000
36033,000000
36033,000000
36033,000000
36033,000000
36033,000000
36033,000000
36033,000000
36033,000000
36033,000000
36033,000000
36033,000000
36033,000000
36033,000000
36033,000000
36033,000000
36033,000000
36033,000000
36033,000000
36033,000000
36033,000000
36033,000000
36033,000000
36033,000000
36033,000000
36033,000000
36033,000000
36033,000000
36033,000000
36033,000000
36033,000000
36033,000000
36033,000000
36033,000000
36033,000000
36033,000000
36033,000000
36033,000000
36033,000000
35935,000000
35935,000000
35935,000000
35935,000000
35935,000000
35935,000000
35935,000000
35935,000000
35935,000000
35935,000000
35935,000000
35935,000000
35935,000000
35935,000000
35935,000000
35935,000000
35935,000000
35935,000000
35935,000000
35935,000000
35935,000000
35935,000000
35935,000000
35935,000000
35935,000000
35728,000000
35728,000000
35728,000000
35728,000000
35728,000000
35728,000000
35728,000000
35728,000000
35728,000000
35728,000000
35728,000000
35728,000000
35728,000000
35728,000000
35728,000000
35728,000000
35728,000000
35728,000000
35728,000000
35728,000000
35728,000000
35606,000000
35606,000000
35606,000000
35606,000000
35606,000000
35606,000000
35606,000000
35606,000000
35606,000000
35606,000000
35606,000000
35606,000000
35606,000000
35606,000000
35606,000000
35606,000000
35606,000000
35606,000000
35606,000000
35606,000000
35606,000000
35606,000000
35606,000000
35606,000000
35606,000000
35606,000000
35606,000000
35606,000000
35606,000000
35606,000000
35606,000000
35606,000000
35504,000000
35504,000000
35504,000000
35504,000000
35504,000000
35504,000000
35504,000000
35504,000000
35504,000000
35504,000000
35504,000000
35504,000000
35504,000000
35504,000000
35504,000000
35504,000000
35504,000000
35504,000000
35504,000000
35504,000000
35298,000000
35298,000000
35298,000000
35298,000000
35298,000000
35298,000000
35298,000000
35298,000000
35298,000000
35298,000000
35298,000000
35298,000000
35298,000000
35298,000000
35298,000000
35298,000000
35298,000000
35298,000000
35298,000000
35298,000000
35298,000000
35298,000000
35298,000000
35298,000000
35298,000000
35298,000000
35298,000000
35298,000000
35298,000000
35298,000000
35298,000000
35298,000000
35298,000000
35298,000000
35298,000000
35298,000000
35298,000000
35298,000000
35298,000000
35298,000000
35298,000000
35298,000000
35298,000000
35298,000000
35298,000000
35298,000000
35298,000000
35298,000000
35298,000000
35298,000000
35298,000000
35235,000000
35235,000000
35235,000000
35235,000000
35235,000000
35235,000000
35235,000000
35235,000000
35235,000000
35235,000000
35235,000000
35235,000000
35235,000000
35235,000000
35235,000000
35235,000000
35235,000000
35235,000000
35235,000000
35235,000000
35235,000000
35235,000000
35235,000000
35235,000000
35235,000000
35235,000000
35235,000000
35235,000000
35097,000000
35097,000000
35097,000000
35097,000000
35097,000000
35097,000000
35097,000000
35097,000000
35097,000000
35097,000000
35097,000000
35097,000000
35097,000000
35097,000000
35097,000000
35097,000000
35097,000000
35097,000000
35097,000000
35097,000000
35097,000000
35097,000000
35097,000000
35097,000000
35097,000000
35097,000000
35097,000000
35097,000000
35097,000000
35097,000000
35097,000000
35097,000000
35097,000000
35097,000000
35097,000000
35097,000000
35097,000000
35097,000000
35097,000000
35097,000000
35097,000000
35097,000000
35097,000000
35097,000000
35097,000000
35097,000000
35097,000000
35097,000000
35097,000000
35097,000000
35097,000000
35097,000000
35097,000000
35097,000000
35097,000000
35097,000000
35097,000000
35097,000000
35097,000000
35097,000000
35097,000000
35097,000000
35097,000000
35097,000000
35097,000000
34864,000000
34864,000000
34864,000000
34864,000000
34864,000000
34864,000000
34864,000000
34864,000000
34864,000000
34864,000000
34864,000000
34864,000000
34864,000000
34864,000000
34864,000000
34864,000000
34864,000000
34864,000000
34864,000000
34864,000000
34864,000000
34864,000000
34864,000000
34864,000000
34864,000000
34864,000000
34864,000000
34864,000000
34864,000000
34864,000000
34864,000000
34864,000000
34864,000000
34773,000000
34773,000000
34773,000000
34701,000000
34701,000000
34701,000000
34701,000000
34701,000000
34701,000000
34701,000000
34701,000000
34701,000000
34701,000000
34701,000000
34701,000000
34701,000000
34701,000000
34701,000000
34701,000000
34701,000000
34701,000000
34701,000000
34701,000000
34701,000000
34701,000000
34701,000000
34701,000000
34701,000000
34701,000000
34701,000000
34701,000000
34622,000000
34622,000000
34622,000000
34622,000000
34622,000000
34622,000000
34622,000000
34622,000000
34622,000000
34622,000000
34622,000000
34622,000000
34622,000000
34622,000000
34622,000000
34622,000000
34622,000000
34622,000000
34622,000000
34125,000000
34125,000000
34125,000000
34125,000000
34125,000000
34125,000000
34125,000000
34125,000000
34125,000000
34125,000000
34125,000000
34125,000000
34125,000000
34125,000000
34125,000000
34125,000000
34125,000000
34125,000000
34125,000000
34125,000000
34125,000000
34125,000000
34125,000000
34125,000000
34125,000000
34125,000000
34125,000000
34125,000000
34125,000000
34125,000000
34125,000000
34125,000000
34125,000000
34125,000000
34005,000000
34005,000000
34005,000000
34005,000000
34005,000000
34005,000000
34005,000000
34005,000000
34005,000000
34005,000000
34005,000000
34005,000000
34005,000000
34005,000000
34005,000000
33967,000000
33967,000000
33967,000000
33967,000000
33967,000000
33967,000000
33967,000000
33967,000000
33967,000000
33967,000000
33967,000000
33967,000000
33967,000000
33967,000000
33967,000000
33967,000000
33967,000000
33705,000000
33705,000000
33705,000000
33705,000000
33705,000000
33705,000000
33705,000000
33705,000000
33705,000000
33705,000000
33705,000000
33705,000000
33705,000000
33705,000000
33705,000000
33705,000000
33705,000000
33705,000000
33705,000000
33705,000000
33705,000000
33705,000000
33705,000000
33705,000000
33705,000000
33705,000000
33705,000000
33705,000000
33705,000000
33705,000000
33705,000000
33705,000000
33705,000000
33705,000000
33705,000000
33705,000000
33705,000000
33705,000000
33705,000000
33705,000000
33705,000000
33705,000000
33705,000000
33705,000000
33705,000000
33705,000000
33705,000000
33705,000000
33705,000000
33705,000000
33697,000000
33697,000000
33697,000000
33697,000000
33697,000000
33697,000000
33697,000000
33697,000000
33697,000000
33697,000000
33697,000000
33697,000000
33697,000000
33595,000000
33595,000000
33595,000000
33595,000000
33595,000000
33595,000000
33595,000000
33549,000000
33549,000000
33549,000000
33549,000000
33549,000000
33549,000000
33549,000000
33549,000000
33549,000000
33549,000000
33549,000000
33549,000000
33549,000000
33549,000000
33549,000000
33549,000000
33549,000000
33549,000000
33549,000000
33549,000000
33549,000000
33549,000000
33549,000000
33549,000000
33549,000000
33549,000000
33549,000000
33549,000000
33549,000000
33549,000000
33549,000000
33549,000000
33549,000000
33549,000000
33549,000000
33549,000000
33549,000000
33549,000000
33549,000000
33549,000000
33549,000000
33549,000000
33549,000000
33549,000000
33549,000000
33549,000000
33549,000000
33549,000000
33549,000000
33549,000000
33549,000000
33549,000000
33549,000000
33549,000000
33549,000000
33549,000000
33549,000000
33549,000000
33549,000000
33549,000000
33549,000000
33549,000000
33549,000000
33549,000000
33511,000000
33511,000000
33511,000000
33511,000000
33511,000000
33511,000000
33511,000000
33511,000000
33511,000000
33511,000000
33511,000000
33511,000000
33511,000000
33511,000000
33511,000000
33511,000000
33511,000000
33511,000000
33511,000000
33511,000000
33511,000000
33511,000000
33511,000000
33511,000000
33511,000000
33511,000000
33511,000000
33511,000000
33511,000000
33511,000000
33511,000000
33511,000000
33511,000000
33511,000000
33511,000000
33511,000000
33511,000000
33511,000000
33511,000000
33511,000000
33511,000000
33511,000000
33511,000000
33511,000000
33511,000000
33511,000000
33511,000000
33511,000000
33511,000000
33511,000000
33511,000000
33511,000000
33511,000000
33511,000000
33511,000000
33511,000000
33376,000000
33376,000000
33376,000000
33376,000000
33376,000000
33376,000000
33376,000000
33376,000000
33376,000000
33376,000000
33376,000000
33376,000000
33376,000000
33376,000000
33376,000000
33376,000000
33376,000000
33376,000000
33376,000000
33376,000000
33376,000000
33376,000000
33376,000000
33376,000000
33376,000000
33376,000000
33376,000000
33376,000000
33376,000000
33376,000000
33376,000000
33376,000000
33376,000000
33376,000000
33376,000000
33376,000000
33376,000000
33376,000000
33376,000000
33376,000000
33373,000000
33373,000000
33373,000000
33373,000000
33373,000000
33373,000000
33373,000000
33373,000000
33373,000000
33373,000000
33373,000000
33373,000000
33373,000000
33373,000000
33373,000000
33373,000000
33373,000000
33373,000000
33373,000000
33373,000000
33373,000000
33373,000000
33373,000000
33373,000000
33373,000000
33373,000000
33373,000000
33373,000000
33373,000000
33373,000000
33360,000000
33360,000000
33360,000000
33360,000000
33360,000000
33360,000000
33360,000000
33360,000000
33360,000000
33360,000000
33323,000000
33323,000000
33323,000000
33323,000000
33323,000000
33323,000000
33323,000000
33323,000000
33323,000000
33323,000000
33323,000000
33297,000000
33297,000000
33297,000000
33297,000000
33297,000000
33297,000000
33297,000000
33297,000000
33297,000000
33297,000000
33297,000000
33297,000000
33297,000000
33297,000000
33297,000000
33297,000000
33297,000000
33297,000000
33297,000000
33297,000000
33297,000000
33297,000000
33297,000000
33297,000000
33297,000000
33297,000000
33297,000000
33297,000000
33297,000000
33297,000000
33297,000000
33297,000000
33297,000000
33297,000000
33297,000000
33297,000000
33297,000000
33297,000000
33297,000000
33297,000000
33297,000000
33297,000000
33297,000000
33297,000000
33297,000000
33297,000000
33297,000000
33297,000000
33297,000000
33297,000000
33297,000000
33297,000000
33297,000000
33297,000000
33297,000000
33297,000000
33297,000000
33297,000000
33297,000000
33297,000000
33297,000000
33297,000000
33297,000000
33297,000000
33297,000000
33297,000000
33297,000000
33297,000000
33297,000000
33297,000000
33297,000000
33297,000000
33297,000000
33297,000000
33297,000000
33297,000000
33297,000000
33297,000000
33297,000000
33297,000000
33297,000000
33297,000000
33297,000000
33297,000000
33297,000000
33297,000000
33297,000000
33297,000000
33297,000000
33278,000000
33278,000000
33278,000000
33278,000000
33278,000000
33278,000000
33278,000000
33278,000000
33278,000000
33278,000000
33278,000000
33278,000000
33278,000000
33278,000000
33278,000000
33278,000000
33278,000000
33278,000000
33278,000000
33278,000000
33278,000000
33278,000000
33278,000000
33278,000000
33278,000000
33278,000000
33278,000000
33278,000000
33278,000000
33278,000000
33278,000000
33278,000000
33278,000000
33278,000000
33278,000000
33278,000000
33278,000000
33278,000000
33278,000000
33278,000000
33278,000000
33278,000000
33278,000000
33278,000000
33278,000000
33278,000000
33278,000000
33278,000000
33278,000000
33278,000000
33278,000000
33278,000000
33278,000000
33278,000000
33278,000000
33278,000000
33278,000000
33278,000000
32951,000000
32951,000000
32951,000000
32951,000000
32951,000000
32951,000000
32951,000000
32951,000000
32951,000000
32951,000000
32951,000000
32951,000000
32951,000000
32951,000000
32951,000000
32951,000000
32951,000000
32951,000000
32951,000000
32951,000000
32951,000000
32951,000000
32951,000000
32951,000000
32951,000000
32951,000000
32951,000000
32951,000000
32951,000000
32951,000000
32951,000000
32951,000000
32951,000000
32951,000000
32951,000000
32951,000000
32708,000000
32708,000000
32708,000000
32708,000000
32708,000000
32708,000000
32707,000000
32707,000000
32707,000000
32612,000000
32612,000000
32612,000000
32612,000000
32612,000000
32612,000000
32612,000000
32612,000000
32612,000000
32612,000000
32612,000000
32612,000000
32612,000000
32612,000000
32612,000000
32612,000000
32612,000000
32612,000000
32612,000000
32612,000000
32612,000000
32612,000000
32612,000000
32612,000000
32612,000000
32612,000000
32612,000000
32612,000000
32612,000000
32612,000000
32612,000000
32612,000000
32612,000000
32612,000000
32612,000000
32612,000000
32612,000000
32612,000000
32612,000000
32612,000000
32612,000000
32612,000000
32612,000000
32612,000000
32612,000000
32583,000000
32583,000000
32583,000000
32583,000000
32583,000000
32583,000000
32583,000000
32583,000000
32583,000000
32583,000000
32583,000000
32583,000000
32583,000000
32583,000000
32583,000000
32583,000000
32583,000000
32583,000000
32583,000000
32583,000000
32583,000000
32583,000000
32583,000000
32583,000000
32583,000000
32583,000000
32583,000000
32583,000000
32583,000000
32583,000000
32583,000000
32583,000000
32583,000000
32583,000000
32455,000000
32455,000000
32455,000000
32455,000000
32455,000000
32455,000000
32455,000000
32455,000000
32455,000000
32455,000000
32455,000000
32455,000000
32455,000000
32455,000000
32455,000000
32455,000000
32455,000000
32455,000000
32455,000000
32455,000000
32455,000000
32455,000000
32455,000000
32455,000000
32455,000000
32455,000000
32455,000000
32455,000000
32455,000000
32455,000000
32455,000000
32455,000000
32455,000000
32455,000000
32455,000000
32455,000000
32455,000000
32455,000000
32455,000000
32455,000000
32455,000000
32455,000000
32455,000000
32455,000000
32455,000000
32455,000000
32455,000000
32455,000000
32455,000000
32455,000000
32455,000000
32455,000000
32455,000000
32455,000000
32455,000000
32455,000000
32455,000000
32318,000000
32318,000000
32318,000000
32318,000000
32318,000000
32318,000000
32318,000000
32318,000000
32318,000000
32318,000000
32318,000000
32318,000000
32318,000000
32318,000000
32318,000000
32318,000000
32318,000000
32318,000000
32318,000000
32318,000000
32318,000000
32318,000000
32318,000000
32318,000000
32318,000000
32318,000000
32318,000000
32318,000000
32318,000000
32318,000000
32318,000000
32318,000000
32318,000000
32318,000000
32318,000000
32318,000000
32318,000000
32318,000000
32318,000000
32318,000000
32318,000000
32263,000000
32263,000000
32263,000000
32263,000000
32263,000000
32263,000000
32211,000000
32211,000000
32211,000000
32211,000000
32211,000000
32211,000000
32211,000000
32211,000000
32211,000000
32052,000000
32052,000000
32052,000000
32052,000000
32052,000000
32052,000000
32052,000000
32052,000000
32052,000000
32052,000000
32052,000000
32052,000000
32052,000000
32052,000000
32052,000000
32052,000000
32052,000000
32052,000000
32052,000000
32052,000000
32052,000000
32052,000000
32040,000000
32040,000000
32040,000000
32040,000000
32040,000000
32040,000000
32040,000000
32040,000000
32040,000000
32040,000000
32040,000000
32040,000000
32040,000000
32040,000000
32040,000000
32040,000000
32040,000000
32040,000000
32040,000000
32040,000000
32040,000000
32040,000000
32040,000000
32040,000000
32040,000000
32040,000000
32040,000000
32040,000000
32040,000000
32040,000000
32040,000000
32040,000000
32040,000000
32040,000000
32040,000000
32040,000000
31963,000000
31963,000000
31963,000000
31963,000000
31963,000000
31963,000000
31963,000000
31963,000000
31963,000000
31963,000000
31963,000000
31963,000000
31963,000000
31963,000000
31942,000000
31942,000000
31942,000000
31942,000000
31942,000000
31942,000000
31942,000000
31942,000000
31942,000000
31942,000000
31942,000000
31942,000000
31942,000000
31942,000000
31942,000000
31942,000000
31942,000000
31942,000000
31942,000000
31942,000000
31942,000000
31942,000000
31942,000000
31942,000000
31942,000000
31942,000000
31942,000000
31942,000000
31942,000000
31942,000000
31942,000000
31942,000000
31942,000000
31942,000000
31942,000000
31942,000000
31942,000000
31942,000000
31942,000000
31942,000000
31942,000000
31942,000000
31942,000000
31942,000000
31942,000000
31942,000000
31942,000000
31942,000000
31942,000000
31942,000000
31942,000000
31942,000000
31942,000000
31942,000000
31942,000000
31942,000000
31942,000000
31942,000000
31942,000000
31942,000000
31832,000000
31832,000000
31832,000000
31832,000000
31832,000000
31832,000000
31832,000000
31832,000000
31671,000000
31671,000000
31671,000000
31671,000000
31671,000000
31671,000000
31671,000000
31671,000000
31671,000000
31671,000000
31671,000000
31671,000000
31671,000000
31671,000000
31671,000000
31671,000000
31671,000000
31671,000000
31640,000000
31640,000000
31640,000000
31640,000000
31640,000000
31640,000000
31640,000000
31640,000000
31640,000000
31640,000000
31640,000000
31640,000000
31640,000000
31640,000000
31640,000000
31640,000000
31640,000000
31640,000000
31640,000000
31640,000000
31640,000000
31640,000000
31640,000000
31640,000000
31640,000000
31640,000000
31640,000000
31640,000000
31640,000000
31640,000000
31640,000000
31640,000000
31640,000000
31640,000000
31640,000000
31640,000000
31640,000000
31640,000000
31640,000000
31640,000000
31640,000000
31640,000000
31640,000000
31640,000000
31640,000000
31640,000000
31640,000000
31640,000000
31640,000000
31640,000000
31640,000000
31640,000000
31640,000000
31640,000000
31640,000000
31640,000000
31640,000000
31640,000000
31640,000000
31640,000000
31640,000000
31640,000000
31640,000000
31640,000000
31640,000000
31640,000000
31640,000000
31640,000000
31640,000000
31640,000000
31640,000000
31640,000000
31640,000000
31640,000000
31640,000000
31640,000000
31640,000000
31640,000000
31640,000000
31640,000000
31640,000000
31640,000000
31640,000000
31640,000000
31640,000000
31640,000000
31640,000000
31640,000000
31640,000000
31640,000000
31527,000000
31527,000000
31527,000000
31527,000000
31527,000000
31527,000000
31527,000000
31527,000000
31527,000000
31527,000000
31527,000000
31527,000000
31527,000000
31527,000000
31527,000000
31527,000000
31527,000000
31527,000000
31527,000000
31527,000000
31527,000000
31527,000000
31527,000000
31527,000000
31527,000000
31527,000000
31527,000000
31527,000000
31527,000000
31527,000000
31527,000000
31527,000000
31527,000000
31527,000000
31527,000000
31527,000000
31527,000000
31527,000000
31527,000000
31527,000000
31527,000000
31527,000000
31527,000000
31527,000000
31527,000000
31527,000000
31527,000000
31527,000000
31527,000000
31527,000000
31527,000000
31527,000000
31527,000000
31348,000000
31348,000000
31348,000000
31348,000000
31348,000000
31348,000000
31348,000000
31348,000000
31348,000000
31348,000000
31348,000000
31348,000000
31348,000000
31348,000000
31348,000000
31348,000000
31348,000000
31348,000000
31348,000000
31348,000000
31348,000000
31348,000000
31348,000000
31348,000000
31348,000000
31348,000000
31348,000000
31348,000000
31348,000000
31348,000000
31348,000000
31348,000000
31348,000000
31348,000000
31348,000000
31348,000000
31348,000000
31348,000000
31348,000000
31348,000000
31348,000000
31348,000000
31348,000000
31348,000000
31348,000000
31348,000000
31348,000000
31348,000000
31348,000000
31348,000000
31348,000000
31348,000000
31348,000000
31348,000000
31348,000000
31348,000000
31348,000000
31348,000000
31348,000000
31348,000000
31348,000000
31257,000000
31257,000000
31257,000000
31257,000000
31257,000000
31257,000000
31257,000000
31257,000000
31257,000000
31156,000000
31156,000000
31156,000000
31156,000000
31156,000000
31156,000000
31156,000000
31156,000000
31123,000000
31123,000000
31123,000000
31123,000000
31123,000000
31123,000000
31123,000000
31123,000000
31123,000000
31123,000000
31123,000000
31123,000000
31123,000000
31123,000000
31123,000000
31123,000000
31123,000000
31123,000000
31123,000000
31123,000000
31123,000000
31123,000000
31123,000000
31123,000000
31123,000000
31123,000000
31123,000000
31123,000000
31123,000000
31123,000000
31123,000000
31123,000000
31123,000000
31123,000000
31123,000000
31123,000000
31123,000000
31123,000000
31123,000000
31123,000000
31123,000000
31123,000000
31123,000000
31123,000000
31123,000000
31123,000000
31123,000000
31123,000000
31123,000000
31123,000000
31123,000000
31123,000000
31123,000000
31123,000000
31123,000000
31123,000000
31123,000000
31094,000000
31094,000000
31094,000000
31094,000000
31094,000000
31094,000000
31094,000000
31094,000000
31094,000000
31094,000000
31094,000000
31094,000000
31094,000000
31094,000000
31094,000000
31094,000000
31094,000000
31094,000000
31094,000000
31094,000000
31094,000000
31094,000000
31094,000000
31094,000000
31094,000000
31094,000000
31094,000000
31094,000000
31094,000000
31094,000000
31094,000000
31094,000000
31094,000000
31094,000000
31094,000000
31094,000000
31094,000000
31094,000000
31094,000000
31094,000000
31094,000000
31094,000000
31094,000000
31094,000000
31094,000000
31094,000000
31094,000000
31094,000000
30607,000000
30607,000000
30607,000000
30607,000000
30607,000000
30607,000000
30607,000000
30607,000000
30607,000000
30607,000000
30607,000000
30607,000000
30607,000000
30607,000000
30607,000000
30607,000000
30607,000000
30607,000000
30607,000000
30607,000000
30607,000000
30607,000000
30607,000000
30607,000000
30607,000000
30607,000000
30607,000000
30607,000000
30607,000000
30514,000000
30514,000000
30514,000000
30514,000000
30514,000000
30514,000000
30514,000000
30514,000000
30514,000000
30514,000000
30514,000000
30488,000000
30488,000000
30488,000000
30488,000000
30488,000000
30488,000000
30488,000000
30488,000000
30488,000000
30488,000000
30488,000000
30488,000000
30488,000000
30488,000000
30488,000000
30488,000000
30488,000000
30488,000000
30488,000000
30488,000000
30488,000000
30488,000000
30488,000000
30488,000000
30488,000000
30488,000000
30488,000000
30488,000000
30488,000000
30488,000000
30488,000000
30488,000000
30488,000000
30488,000000
30488,000000
30488,000000
30488,000000
30488,000000
30488,000000
30488,000000
30488,000000
30488,000000
30488,000000
30488,000000
30488,000000
30488,000000
30488,000000
30488,000000
30442,000000
30442,000000
30442,000000
30442,000000
30442,000000
30442,000000
30442,000000
30442,000000
30442,000000
30442,000000
30442,000000
30442,000000
30442,000000
30442,000000
30442,000000
30442,000000
30442,000000
30442,000000
30442,000000
30442,000000
30442,000000
30442,000000
30442,000000
30442,000000
30442,000000
30415,000000
30415,000000
30415,000000
30415,000000
30415,000000
30415,000000
30415,000000
30415,000000
30415,000000
30415,000000
30407,000000
30407,000000
30407,000000
30407,000000
30407,000000
30407,000000
30407,000000
30407,000000
30407,000000
30407,000000
30407,000000
30407,000000
30407,000000
30407,000000
30407,000000
30407,000000
30407,000000
30407,000000
30407,000000
30407,000000
30407,000000
30407,000000
30407,000000
30407,000000
30407,000000
30407,000000
30407,000000
30381,000000
30381,000000
30381,000000
30381,000000
30381,000000
30381,000000
30381,000000
30381,000000
30381,000000
30381,000000
30381,000000
30381,000000
30381,000000
30381,000000
30381,000000
30381,000000
30381,000000
30381,000000
30381,000000
30381,000000
30381,000000
30381,000000
30381,000000
30381,000000
30327,000000
30327,000000
30327,000000
30185,000000
30185,000000
30185,000000
30185,000000
30185,000000
30185,000000
30185,000000
30185,000000
30185,000000
30185,000000
30185,000000
30185,000000
30185,000000
30185,000000
30185,000000
30185,000000
30185,000000
30185,000000
30185,000000
30185,000000
30185,000000
30185,000000
30185,000000
30185,000000
30185,000000
30185,000000
30185,000000
30185,000000
30185,000000
30185,000000
30185,000000
30185,000000
30185,000000
30185,000000
30185,000000
30185,000000
30185,000000
30185,000000
30185,000000
30185,000000
30185,000000
30185,000000
30185,000000
30185,000000
30185,000000
30185,000000
30185,000000
30185,000000
30185,000000
30185,000000
30185,000000
30185,000000
30185,000000
30185,000000
30185,000000
30185,000000
30185,000000
30185,000000
30185,000000
30185,000000
30185,000000
30185,000000
30185,000000
30185,000000
30185,000000
30185,000000
30071,000000
30071,000000
30071,000000
30071,000000
30071,000000
30018,000000
30018,000000
30018,000000
30018,000000
30018,000000
30018,000000
30018,000000
30018,000000
30018,000000
30018,000000
30018,000000
30018,000000
30018,000000
30018,000000
30018,000000
30018,000000
30018,000000
30018,000000
30018,000000
30018,000000
30018,000000
30018,000000
29965,000000
29965,000000
29965,000000
29965,000000
29965,000000
29965,000000
29965,000000
29965,000000
29965,000000
29965,000000
29965,000000
29965,000000
29965,000000
29965,000000
29965,000000
29965,000000
29965,000000
29965,000000
29965,000000
29965,000000
29965,000000
29965,000000
29965,000000
29965,000000
29965,000000
29965,000000
29965,000000
29965,000000
29965,000000
29965,000000
29965,000000
29965,000000
29965,000000
29965,000000
29965,000000
29965,000000
29965,000000
29965,000000
29965,000000
29965,000000
29965,000000
29965,000000
29965,000000
29965,000000
29965,000000
29965,000000
29965,000000
29965,000000
29965,000000
29965,000000
29965,000000
29965,000000
29965,000000
29965,000000
29965,000000
29965,000000
29965,000000
29965,000000
29965,000000
29965,000000
29965,000000
29965,000000
29965,000000
29965,000000
29965,000000
29965,000000
29965,000000
29965,000000
29965,000000
29965,000000
29965,000000
29965,000000
29965,000000
29965,000000
29965,000000
29965,000000
29965,000000
29965,000000
29965,000000
29965,000000
29965,000000
29965,000000
29965,000000
29965,000000
29965,000000
29965,000000
29965,000000
29921,000000
29921,000000
29921,000000
29921,000000
29921,000000
29921,000000
29921,000000
29921,000000
29921,000000
29921,000000
29921,000000
29921,000000
29921,000000
29921,000000
29921,000000
29921,000000
29921,000000
29921,000000
29921,000000
29921,000000
29921,000000
29921,000000
29921,000000
29921,000000
29921,000000
29921,000000
29921,000000
29921,000000
29785,000000
29785,000000
29785,000000
29785,000000
29785,000000
29785,000000
29785,000000
29785,000000
29785,000000
29785,000000
29785,000000
29785,000000
29785,000000
29785,000000
29785,000000
29785,000000
29785,000000
29785,000000
29785,000000
29785,000000
29785,000000
29785,000000
29785,000000
29785,000000
29785,000000
29785,000000
29785,000000
29785,000000
29785,000000
29785,000000
29785,000000
29785,000000
29742,000000
29742,000000
29742,000000
29742,000000
29742,000000
29742,000000
29742,000000
29742,000000
29742,000000
29742,000000
29742,000000
29742,000000
29742,000000
29742,000000
29742,000000
29742,000000
29742,000000
29742,000000
29742,000000
29742,000000
29742,000000
29742,000000
29742,000000
29742,000000
29742,000000
29742,000000
29742,000000
29742,000000
29742,000000
29742,000000
29742,000000
29742,000000
29742,000000
29742,000000
29742,000000
29742,000000
29742,000000
29742,000000
29742,000000
29742,000000
29742,000000
29742,000000
29742,000000
29742,000000
29742,000000
29742,000000
29742,000000
29742,000000
29742,000000
29742,000000
29742,000000
29742,000000
29742,000000
29742,000000
29742,000000
29742,000000
29742,000000
29742,000000
29742,000000
29742,000000
29742,000000
29742,000000
29742,000000
29742,000000
29742,000000
29742,000000
29658,000000
29658,000000
29658,000000
29658,000000
29658,000000
29658,000000
29658,000000
29658,000000
29444,000000
29444,000000
29444,000000
29444,000000
29444,000000
29444,000000
29444,000000
29444,000000
29302,000000
29302,000000
29302,000000
29302,000000
29302,000000
29302,000000
29302,000000
29302,000000
29302,000000
29302,000000
29302,000000
29302,000000
29302,000000
29302,000000
29302,000000
29302,000000
29302,000000
29302,000000
29302,000000
29302,000000
29302,000000
29302,000000
29302,000000
29302,000000
29302,000000
29302,000000
29302,000000
29302,000000
29302,000000
29302,000000
29302,000000
29302,000000
29302,000000
29302,000000
29302,000000
29302,000000
29302,000000
29302,000000
29302,000000
29302,000000
29302,000000
29302,000000
29302,000000
29302,000000
29302,000000
29302,000000
29302,000000
29302,000000
29302,000000
29302,000000
29302,000000
29302,000000
29302,000000
29302,000000
29302,000000
29302,000000
29302,000000
29290,000000
29290,000000
29290,000000
29290,000000
29290,000000
29290,000000
29290,000000
29290,000000
29290,000000
29290,000000
29290,000000
29290,000000
29290,000000
29290,000000
29290,000000
29290,000000
29290,000000
29290,000000
29290,000000
29290,000000
29290,000000
29290,000000
29290,000000
29290,000000
29290,000000
29290,000000
29290,000000
29290,000000
29290,000000
29290,000000
29290,000000
29290,000000
29290,000000
29290,000000
29290,000000
29290,000000
29290,000000
29290,000000
29290,000000
29290,000000
29290,000000
29290,000000
29290,000000
29290,000000
29290,000000
29290,000000
29290,000000
29290,000000
29290,000000
29290,000000
29290,000000
29290,000000
29290,000000
29290,000000
29290,000000
29290,000000
29290,000000
29290,000000
29290,000000
29290,000000
29290,000000
29290,000000
29290,000000
29290,000000
29290,000000
29290,000000
29290,000000
29290,000000
29290,000000
29290,000000
29290,000000
29211,000000
29211,000000
29211,000000
29211,000000
29211,000000
29211,000000
29211,000000
29211,000000
29211,000000
29211,000000
29211,000000
29211,000000
29211,000000
29211,000000
29211,000000
29211,000000
29211,000000
29211,000000
29211,000000
29211,000000
29211,000000
29211,000000
29211,000000
29211,000000
29211,000000
29211,000000
29211,000000
29211,000000
29211,000000
29211,000000
29211,000000
29211,000000
29211,000000
29211,000000
29211,000000
29211,000000
29211,000000
29211,000000
29211,000000
29211,000000
29211,000000
29211,000000
29211,000000
29211,000000
29211,000000
29211,000000
29211,000000
29211,000000
29211,000000
29211,000000
29211,000000
29211,000000
29211,000000
29211,000000
29211,000000
29211,000000
29211,000000
29211,000000
29211,000000
29211,000000
29211,000000
29211,000000
29211,000000
29211,000000
29211,000000
29211,000000
29211,000000
29211,000000
29211,000000
29211,000000
29211,000000
29211,000000
29211,000000
29211,000000
29211,000000
29211,000000
29211,000000
29211,000000
29211,000000
29211,000000
29211,000000
29211,000000
29211,000000
29211,000000
29211,000000
29211,000000
29211,000000
29211,000000
29211,000000
29211,000000
29059,000000
29059,000000
29059,000000
29059,000000
29059,000000
29059,000000
29059,000000
29059,000000
29059,000000
29059,000000
29059,000000
29059,000000
29059,000000
29059,000000
29059,000000
29059,000000
29059,000000
29059,000000
29059,000000
29059,000000
29059,000000
29059,000000
29059,000000
29059,000000
29059,000000
29059,000000
29059,000000
29059,000000
29059,000000
29059,000000
29059,000000
29059,000000
29059,000000
29059,000000
29059,000000
29059,000000
29059,000000
29059,000000
29059,000000
29059,000000
29059,000000
29059,000000
29059,000000
29059,000000
29059,000000
29059,000000
29059,000000
29059,000000
29059,000000
29059,000000
29059,000000
29059,000000
29059,000000
29059,000000
29059,000000
29059,000000
29059,000000
29059,000000
29059,000000
29059,000000
29059,000000
29059,000000
29059,000000
29059,000000
29059,000000
29059,000000
29059,000000
29059,000000
29059,000000
29059,000000
29059,000000
29059,000000
29059,000000
29059,000000
29059,000000
29059,000000
29059,000000
29059,000000
29059,000000
29059,000000
29059,000000
29059,000000
29059,000000
29059,000000
29059,000000
29059,000000
29059,000000
29059,000000
29059,000000
29003,000000
29003,000000
29003,000000
29003,000000
29003,000000
29003,000000
29003,000000
29003,000000
29003,000000
29003,000000
29003,000000
29003,000000
29003,000000
29003,000000
29003,000000
29003,000000
29003,000000
29003,000000
29003,000000
29003,000000
29003,000000
29003,000000
29003,000000
29003,000000
29003,000000
29003,000000
29003,000000
29003,000000
29003,000000
29003,000000
29003,000000
29003,000000
29003,000000
29003,000000
29003,000000
29003,000000
29003,000000
29003,000000
29003,000000
29003,000000
29003,000000
29003,000000
29003,000000
29003,000000
29003,000000
29003,000000
29003,000000
29003,000000
29003,000000
29003,000000
29003,000000
29003,000000
29003,000000
29003,000000
29003,000000
29003,000000
29003,000000
29003,000000
29003,000000
29003,000000
29003,000000
29003,000000
29003,000000
29003,000000
29003,000000
29003,000000
29003,000000
29003,000000
29003,000000
29003,000000
29003,000000
29003,000000
29003,000000
29003,000000
29003,000000
29003,000000
29003,000000
29003,000000
29003,000000
29003,000000
29003,000000
29003,000000
29003,000000
29003,000000
29003,000000
29003,000000
29003,000000
29003,000000
29003,000000
29003,000000
29003,000000
29003,000000
29003,000000
29003,000000
29003,000000
28956,000000
28956,000000
28956,000000
28956,000000
28956,000000
28956,000000
28956,000000
28956,000000
28956,000000
28956,000000
28956,000000
28956,000000
28956,000000
28956,000000
28956,000000
28956,000000
28956,000000
28956,000000
28956,000000
28956,000000
28956,000000
28956,000000
28956,000000
28956,000000
28956,000000
28956,000000
28956,000000
28956,000000
28956,000000
28956,000000
28956,000000
28956,000000
28956,000000
28956,000000
28956,000000
28956,000000
28956,000000
28956,000000
28956,000000
28956,000000
28956,000000
28956,000000
28956,000000
28956,000000
28956,000000
28956,000000
28956,000000
28956,000000
28956,000000
28956,000000
28956,000000
28956,000000
28956,000000
28956,000000
28956,000000
28956,000000
28956,000000
28956,000000
28956,000000
28956,000000
28956,000000
28956,000000
28956,000000
28956,000000
28956,000000
28956,000000
28956,000000
28956,000000
28956,000000
28956,000000
28956,000000
28956,000000
28956,000000
28956,000000
28956,000000
28956,000000
28929,000000
28929,000000
28929,000000
28929,000000
28929,000000
28929,000000
28929,000000
28929,000000
28929,000000
28929,000000
28929,000000
28929,000000
28929,000000
28929,000000
28929,000000
28929,000000
28929,000000
28929,000000
28929,000000
28929,000000
28929,000000
28929,000000
28929,000000
28929,000000
28929,000000
28929,000000
28929,000000
28929,000000
28929,000000
28929,000000
28929,000000
28929,000000
28929,000000
28929,000000
28929,000000
28929,000000
28929,000000
28929,000000
28929,000000
28929,000000
28929,000000
28929,000000
28929,000000
28929,000000
28929,000000
28929,000000
28929,000000
28929,000000
28929,000000
28929,000000
28929,000000
28929,000000
28929,000000
28929,000000
28929,000000
28883,000000
28883,000000
28883,000000
28883,000000
28883,000000
28883,000000
28883,000000
28883,000000
28883,000000
28883,000000
28754,000000
28754,000000
28754,000000
28754,000000
28754,000000
28754,000000
28754,000000
28754,000000
28754,000000
28754,000000
28754,000000
28754,000000
28754,000000
28754,000000
28754,000000
28754,000000
28754,000000
28754,000000
28754,000000
28754,000000
28754,000000
28754,000000
28754,000000
28754,000000
28754,000000
28754,000000
28754,000000
28754,000000
28754,000000
28754,000000
28754,000000
28754,000000
28754,000000
28754,000000
28754,000000
28754,000000
28754,000000
28754,000000
28754,000000
28754,000000
28754,000000
28754,000000
28754,000000
28754,000000
28754,000000
28754,000000
28754,000000
28754,000000
28754,000000
28754,000000
28754,000000
28754,000000
28754,000000
28754,000000
28754,000000
28754,000000
28754,000000
28754,000000
28754,000000
28644,000000
28644,000000
28644,000000
28644,000000
28644,000000
28644,000000
28644,000000
28644,000000
28644,000000
28644,000000
28644,000000
28644,000000
28644,000000
28644,000000
28644,000000
28644,000000
28644,000000
28644,000000
28644,000000
28644,000000
28644,000000
28644,000000
28644,000000
28644,000000
28644,000000
28644,000000
28644,000000
28644,000000
28644,000000
28644,000000
28644,000000
28644,000000
28644,000000
28644,000000
28644,000000
28644,000000
28525,000000
28525,000000
28525,000000
28525,000000
28525,000000
28525,000000
28525,000000
28525,000000
28525,000000
28525,000000
28525,000000
28525,000000
28525,000000
28525,000000
28525,000000
28525,000000
28525,000000
28525,000000
28525,000000
28525,000000
28525,000000
28525,000000
28525,000000
28525,000000
28525,000000
28525,000000
28525,000000
28525,000000
28525,000000
28525,000000
28525,000000
28525,000000
28525,000000
28525,000000
28525,000000
28525,000000
28525,000000
28525,000000
28525,000000
28525,000000
28525,000000
28525,000000
28525,000000
28525,000000
28525,000000
28525,000000
28525,000000
28525,000000
28525,000000
28525,000000
28525,000000
28525,000000
28525,000000
28525,000000
28525,000000
28525,000000
28525,000000
28525,000000
28454,000000
28454,000000
28454,000000
28454,000000
28454,000000
28454,000000
28454,000000
28454,000000
28454,000000
28454,000000
28454,000000
28454,000000
28454,000000
28454,000000
28454,000000
28454,000000
28454,000000
28454,000000
28381,000000
28381,000000
28381,000000
28381,000000
28381,000000
28381,000000
28381,000000
28381,000000
28381,000000
28381,000000
28381,000000
28381,000000
28381,000000
28381,000000
28381,000000
28381,000000
28381,000000
28381,000000
28381,000000
28381,000000
28381,000000
28381,000000
28381,000000
28381,000000
28381,000000
28381,000000
28381,000000
28381,000000
28381,000000
28381,000000
28381,000000
28381,000000
28381,000000
28381,000000
28381,000000
28381,000000
28381,000000
28381,000000
28381,000000
28381,000000
28381,000000
28381,000000
28381,000000
28381,000000
28381,000000
28381,000000
28381,000000
28381,000000
28381,000000
28381,000000
28381,000000
28381,000000
28381,000000
28381,000000
28381,000000
28381,000000
28381,000000
28381,000000
28381,000000
28381,000000
28381,000000
28381,000000
28381,000000
28381,000000
28381,000000
28381,000000
28381,000000
28381,000000
28381,000000
28381,000000
28381,000000
28381,000000
28381,000000
28381,000000
28381,000000
28381,000000
28381,000000
28381,000000
28381,000000
28381,000000
28381,000000
28381,000000
28381,000000
28381,000000
28381,000000
28381,000000
28381,000000
28381,000000
28381,000000
28381,000000
28381,000000
28381,000000
28381,000000
28381,000000
28381,000000
28381,000000
28381,000000
28381,000000
28381,000000
28381,000000
28381,000000
28381,000000
28381,000000
28381,000000
28381,000000
28381,000000
28381,000000
28381,000000
28381,000000
28381,000000
28381,000000
28381,000000
28381,000000
28381,000000
28381,000000
28381,000000
28381,000000
28381,000000
28381,000000
28381,000000
28381,000000
28381,000000
28381,000000
28381,000000
28381,000000
28381,000000
28381,000000
28381,000000
28381,000000
28381,000000
28381,000000
28381,000000
28381,000000
28381,000000
28381,000000
28381,000000
28381,000000
28381,000000
28381,000000
28381,000000
28381,000000
28381,000000
28381,000000
28381,000000
28381,000000
28381,000000
28381,000000
28381,000000
28381,000000
28381,000000
28381,000000
28281,000000
28281,000000
28281,000000
28281,000000
28281,000000
28281,000000
28128,000000
28128,000000
28128,000000
28128,000000
28128,000000
28128,000000
28128,000000
28128,000000
28128,000000
28128,000000
28128,000000
28128,000000
28128,000000
28128,000000
28128,000000
28128,000000
28128,000000
28128,000000
28128,000000
28128,000000
28128,000000
28128,000000
28128,000000
28128,000000
28128,000000
28128,000000
28128,000000
28128,000000
28128,000000
28128,000000
28128,000000
28128,000000
28128,000000
28128,000000
28128,000000
28036,000000
28036,000000
28036,000000
28036,000000
28029,000000
28029,000000
28029,000000
28029,000000
28029,000000
28029,000000
28029,000000
28029,000000
28029,000000
28029,000000
28029,000000
28029,000000
28029,000000
28029,000000
28029,000000
28029,000000
28029,000000
28029,000000
28029,000000
28029,000000
28029,000000
28029,000000
28029,000000
27891,000000
27891,000000
27866,000000
27866,000000
27866,000000
27866,000000
27866,000000
27866,000000
27866,000000
27866,000000
27866,000000
27866,000000
27866,000000
27866,000000
27866,000000
27866,000000
27866,000000
27866,000000
27866,000000
27866,000000
27866,000000
27866,000000
27866,000000
27866,000000
27866,000000
27866,000000
27849,000000
27849,000000
27849,000000
27849,000000
27849,000000
27849,000000
27849,000000
27849,000000
27843,000000
27843,000000
27843,000000
27843,000000
27843,000000
27843,000000
27843,000000
27843,000000
27843,000000
27843,000000
27843,000000
27843,000000
27843,000000
27843,000000
27843,000000
27843,000000
27843,000000
27843,000000
27843,000000
27843,000000
27843,000000
27843,000000
27843,000000
27843,000000
27843,000000
27843,000000
27843,000000
27803,000000
27803,000000
27803,000000
27803,000000
27803,000000
27803,000000
27803,000000
27803,000000
27803,000000
27803,000000
27803,000000
27803,000000
27803,000000
27803,000000
27803,000000
27803,000000
27803,000000
27803,000000
27803,000000
27803,000000
27781,000000
27781,000000
27781,000000
27781,000000
27781,000000
27781,000000
27781,000000
27781,000000
27781,000000
27781,000000
27781,000000
27735,000000
27735,000000
27735,000000
27735,000000
27735,000000
27735,000000
27735,000000
27735,000000
27735,000000
27735,000000
27735,000000
27735,000000
27735,000000
27735,000000
27735,000000
27735,000000
27735,000000
27735,000000
27735,000000
27735,000000
27735,000000
27735,000000
27735,000000
27735,000000
27735,000000
27499,000000
27499,000000
27499,000000
27499,000000
27499,000000
27499,000000
27499,000000
27499,000000
27499,000000
27499,000000
27499,000000
27499,000000
27499,000000
27499,000000
27499,000000
27499,000000
27499,000000
27499,000000
27499,000000
27499,000000
27499,000000
27499,000000
27499,000000
27499,000000
27499,000000
27499,000000
27499,000000
27499,000000
27499,000000
27499,000000
27499,000000
27499,000000
27499,000000
27499,000000
27499,000000
27499,000000
27499,000000
27499,000000
27499,000000
27499,000000
27499,000000
27499,000000
27499,000000
27499,000000
27499,000000
27499,000000
27499,000000
27499,000000
27499,000000
27499,000000
27499,000000
27499,000000
27499,000000
27499,000000
27499,000000
27499,000000
27499,000000
27499,000000
27499,000000
27499,000000
27499,000000
27499,000000
27499,000000
27499,000000
27499,000000
27499,000000
27499,000000
27499,000000
27499,000000
27499,000000
27499,000000
27499,000000
27499,000000
27499,000000
27499,000000
27499,000000
27499,000000
27499,000000
27499,000000
27499,000000
27499,000000
27499,000000
27499,000000
27499,000000
27499,000000
27499,000000
27499,000000
27499,000000
27499,000000
27499,000000
27499,000000
27499,000000
27499,000000
27499,000000
27499,000000
27499,000000
27499,000000
27499,000000
27499,000000
27499,000000
27499,000000
27499,000000
27499,000000
27499,000000
27499,000000
27480,000000
27480,000000
27480,000000
27480,000000
27480,000000
27480,000000
27480,000000
27480,000000
27480,000000
27480,000000
27480,000000
27480,000000
27480,000000
27480,000000
27480,000000
27480,000000
27480,000000
27480,000000
27480,000000
27480,000000
27480,000000
27480,000000
27480,000000
27480,000000
27480,000000
27480,000000
27480,000000
27480,000000
27480,000000
27480,000000
27480,000000
27480,000000
27480,000000
27480,000000
27480,000000
27480,000000
27480,000000
27480,000000
27480,000000
27480,000000
27480,000000
27480,000000
27480,000000
27480,000000
27480,000000
27480,000000
27480,000000
27480,000000
27480,000000
27480,000000
27480,000000
27480,000000
27480,000000
27480,000000
27480,000000
27480,000000
27479,000000
27479,000000
27479,000000
27479,000000
27479,000000
27479,000000
27479,000000
27479,000000
27479,000000
27479,000000
27479,000000
27479,000000
27479,000000
27479,000000
27479,000000
27479,000000
27479,000000
27479,000000
27479,000000
27479,000000
27479,000000
27479,000000
27479,000000
27479,000000
27479,000000
27479,000000
27479,000000
27479,000000
27479,000000
27479,000000
27479,000000
27438,000000
27438,000000
27438,000000
27438,000000
27438,000000
27438,000000
27438,000000
27438,000000
27438,000000
27438,000000
27438,000000
27438,000000
27438,000000
27436,000000
27436,000000
27436,000000
27436,000000
27436,000000
27436,000000
27436,000000
27436,000000
27436,000000
27436,000000
27436,000000
27436,000000
27436,000000
27436,000000
27436,000000
27436,000000
27436,000000
27436,000000
27436,000000
27436,000000
27436,000000
27436,000000
27436,000000
27436,000000
27436,000000
27436,000000
27436,000000
27436,000000
27436,000000
27436,000000
27436,000000
27436,000000
27436,000000
27436,000000
27436,000000
27436,000000
27436,000000
27436,000000
27436,000000
27436,000000
27436,000000
27436,000000
27436,000000
27436,000000
27436,000000
27436,000000
27436,000000
27436,000000
27436,000000
27436,000000
27436,000000
27436,000000
27382,000000
27382,000000
27327,000000
27327,000000
27327,000000
27327,000000
27327,000000
27327,000000
27327,000000
27327,000000
27327,000000
27327,000000
27327,000000
27327,000000
27327,000000
27327,000000
27327,000000
27327,000000
27327,000000
27327,000000
27327,000000
27327,000000
27327,000000
27327,000000
27327,000000
27327,000000
27327,000000
27327,000000
27327,000000
27327,000000
27327,000000
27301,000000
27301,000000
27301,000000
27301,000000
27301,000000
27301,000000
27301,000000
27301,000000
27301,000000
27301,000000
27301,000000
27301,000000
27301,000000
27301,000000
27301,000000
27301,000000
27301,000000
27301,000000
27301,000000
27301,000000
27301,000000
27301,000000
27301,000000
27301,000000
27301,000000
27301,000000
27301,000000
27301,000000
27301,000000
27301,000000
27301,000000
27301,000000
27301,000000
27301,000000
27301,000000
27301,000000
27301,000000
27301,000000
27301,000000
27301,000000
27301,000000
27301,000000
27301,000000
27301,000000
27301,000000
27301,000000
27301,000000
27301,000000
27301,000000
27301,000000
27301,000000
27301,000000
27301,000000
27301,000000
27301,000000
27301,000000
27301,000000
27301,000000
27301,000000
27301,000000
27301,000000
27301,000000
27301,000000
27301,000000
27301,000000
27301,000000
27301,000000
27301,000000
27301,000000
27301,000000
27301,000000
27301,000000
27301,000000
27301,000000
27301,000000
27301,000000
27301,000000
27301,000000
27301,000000
27301,000000
27301,000000
27301,000000
27301,000000
27301,000000
27301,000000
27301,000000
27301,000000
27301,000000
27301,000000
27301,000000
27301,000000
27301,000000
27301,000000
27126,000000
27126,000000
27126,000000
27126,000000
27126,000000
27126,000000
27126,000000
27126,000000
27126,000000
27126,000000
27126,000000
27126,000000
27126,000000
27126,000000
27126,000000
27126,000000
27126,000000
27126,000000
27126,000000
27126,000000
27126,000000
27126,000000
27126,000000
27126,000000
27126,000000
27126,000000
27126,000000
27126,000000
27126,000000
27126,000000
27126,000000
27126,000000
27126,000000
27081,000000
27081,000000
27081,000000
27081,000000
27081,000000
27081,000000
27081,000000
27081,000000
27081,000000
27081,000000
27081,000000
27081,000000
27081,000000
27081,000000
27081,000000
27081,000000
26989,000000
26989,000000
26989,000000
26989,000000
26989,000000
26989,000000
26989,000000
26989,000000
26989,000000
26989,000000
26989,000000
26989,000000
26989,000000
26989,000000
26989,000000
26989,000000
26989,000000
26989,000000
26989,000000
26989,000000
26989,000000
26989,000000
26989,000000
26989,000000
26989,000000
26989,000000
26989,000000
26989,000000
26989,000000
26989,000000
26989,000000
26989,000000
26989,000000
26989,000000
26989,000000
26989,000000
26989,000000
26989,000000
26989,000000
26989,000000
26989,000000
26989,000000
26989,000000
26989,000000
26989,000000
26989,000000
26989,000000
26989,000000
26989,000000
26989,000000
26989,000000
26989,000000
26989,000000
26989,000000
26989,000000
26989,000000
26989,000000
26989,000000
26989,000000
26989,000000
26989,000000
26989,000000
26989,000000
26989,000000
26989,000000
26989,000000
26989,000000
26989,000000
26989,000000
26989,000000
26989,000000
26989,000000
26989,000000
26989,000000
26989,000000
26989,000000
26989,000000
26989,000000
26989,000000
26989,000000
26989,000000
26989,000000
26989,000000
26989,000000
26863,000000
26863,000000
26863,000000
26863,000000
26863,000000
26863,000000
26863,000000
26863,000000
26863,000000
26863,000000
26863,000000
26863,000000
26863,000000
26863,000000
26863,000000
26863,000000
26863,000000
26863,000000
26863,000000
26863,000000
26863,000000
26863,000000
26863,000000
26863,000000
26863,000000
26863,000000
26863,000000
26863,000000
26863,000000
26863,000000
26863,000000
26863,000000
26863,000000
26863,000000
26863,000000
26863,000000
26863,000000
26863,000000
26863,000000
26863,000000
26863,000000
26863,000000
26863,000000
26863,000000
26863,000000
26813,000000
26813,000000
26813,000000
26813,000000
26813,000000
26813,000000
26813,000000
26813,000000
26813,000000
26813,000000
26813,000000
26813,000000
26813,000000
26813,000000
26813,000000
26813,000000
26813,000000
26813,000000
26813,000000
26813,000000
26813,000000
26813,000000
26813,000000
26813,000000
26813,000000
26813,000000
26813,000000
26813,000000
26813,000000
26813,000000
26813,000000
26813,000000
26813,000000
26813,000000
26813,000000
26813,000000
26813,000000
26813,000000
26813,000000
26813,000000
26813,000000
26813,000000
26813,000000
26813,000000
26813,000000
26813,000000
26813,000000
26813,000000
26813,000000
26813,000000
26813,000000
26813,000000
26813,000000
26813,000000
26813,000000
26813,000000
26813,000000
26813,000000
26813,000000
26813,000000
26813,000000
26813,000000
26813,000000
26813,000000
26813,000000
26813,000000
26813,000000
26813,000000
26813,000000
26813,000000
26813,000000
26813,000000
26767,000000
26767,000000
26767,000000
26767,000000
26767,000000
26767,000000
26767,000000
26767,000000
26663,000000
26663,000000
26663,000000
26663,000000
26663,000000
26663,000000
26663,000000
26663,000000
26663,000000
26663,000000
26663,000000
26663,000000
26663,000000
26663,000000
26663,000000
26663,000000
26663,000000
26663,000000
26663,000000
26663,000000
26663,000000
26663,000000
26618,000000
26618,000000
26618,000000
26618,000000
26618,000000
26618,000000
26618,000000
26618,000000
26618,000000
26618,000000
26618,000000
26618,000000
26618,000000
26618,000000
26618,000000
26618,000000
26618,000000
26618,000000
26618,000000
26618,000000
26618,000000
26618,000000
26618,000000
26618,000000
26618,000000
26618,000000
26618,000000
26618,000000
26618,000000
26618,000000
26618,000000
26618,000000
26618,000000
26618,000000
26618,000000
26618,000000
26618,000000
26618,000000
26618,000000
26618,000000
26618,000000
26618,000000
26618,000000
26618,000000
26618,000000
26618,000000
26618,000000
26618,000000
26618,000000
26618,000000
26618,000000
26618,000000
26618,000000
26618,000000
26618,000000
26618,000000
26618,000000
26618,000000
26618,000000
26618,000000
26618,000000
26618,000000
26618,000000
26618,000000
26618,000000
26618,000000
26618,000000
26618,000000
26618,000000
26618,000000
26586,000000
26586,000000
26586,000000
26586,000000
26586,000000
26586,000000
26586,000000
26586,000000
26586,000000
26586,000000
26586,000000
26586,000000
26586,000000
26586,000000
26586,000000
26586,000000
26586,000000
26586,000000
26586,000000
26586,000000
26586,000000
26586,000000
26586,000000
26586,000000
26586,000000
26586,000000
26586,000000
26586,000000
26586,000000
26586,000000
26586,000000
26586,000000
26586,000000
26586,000000
26586,000000
26586,000000
26586,000000
26586,000000
26586,000000
26586,000000
26586,000000
26586,000000
26586,000000
26586,000000
26586,000000
26586,000000
26586,000000
26586,000000
26586,000000
26586,000000
26586,000000
26586,000000
26586,000000
26586,000000
26586,000000
26586,000000
26586,000000
26586,000000
26586,000000
26586,000000
26586,000000
26586,000000
26586,000000
26586,000000
26392,000000
26392,000000
26392,000000
26392,000000
26392,000000
26392,000000
26392,000000
26392,000000
26392,000000
26392,000000
26392,000000
26392,000000
26392,000000
26392,000000
26392,000000
26392,000000
26392,000000
26392,000000
26392,000000
26392,000000
26392,000000
26392,000000
26392,000000
26392,000000
26392,000000
26392,000000
26392,000000
26392,000000
26392,000000
26392,000000
26392,000000
26392,000000
26392,000000
26392,000000
26392,000000
26392,000000
26392,000000
26392,000000
26392,000000
26392,000000
26392,000000
26392,000000
26392,000000
26392,000000
26392,000000
26345,000000
26345,000000
26345,000000
26345,000000
26345,000000
26345,000000
26345,000000
26345,000000
26345,000000
26345,000000
26345,000000
26345,000000
26345,000000
26345,000000
26345,000000
26345,000000
26345,000000
26345,000000
26345,000000
26345,000000
26345,000000
26345,000000
26345,000000
26345,000000
26345,000000
26345,000000
26345,000000
26345,000000
26345,000000
26345,000000
26345,000000
26345,000000
26345,000000
26345,000000
26345,000000
26345,000000
26345,000000
26345,000000
26345,000000
26345,000000
26345,000000
26345,000000
26345,000000
26345,000000
26345,000000
26345,000000
26345,000000
26345,000000
26345,000000
26345,000000
26345,000000
26345,000000
26345,000000
26345,000000
26345,000000
26345,000000
26345,000000
26345,000000
26345,000000
26345,000000
26345,000000
26345,000000
26345,000000
26316,000000
26316,000000
26316,000000
26316,000000
26316,000000
26316,000000
26316,000000
26316,000000
26316,000000
26316,000000
26316,000000
26316,000000
26316,000000
26316,000000
26316,000000
26316,000000
26316,000000
26316,000000
26316,000000
26316,000000
26316,000000
26316,000000
26316,000000
26316,000000
26316,000000
26310,000000
26310,000000
26310,000000
26310,000000
26310,000000
26310,000000
26310,000000
26310,000000
26310,000000
26310,000000
26310,000000
26310,000000
26310,000000
26310,000000
26310,000000
26310,000000
26310,000000
26310,000000
26310,000000
26310,000000
26310,000000
26310,000000
26310,000000
26310,000000
26310,000000
26310,000000
26310,000000
26310,000000
26310,000000
26310,000000
26310,000000
26310,000000
26310,000000
26310,000000
26310,000000
26310,000000
26186,000000
26186,000000
26186,000000
26186,000000
26186,000000
26186,000000
26186,000000
26186,000000
26186,000000
26186,000000
26186,000000
26186,000000
26186,000000
26186,000000
26167,000000
26167,000000
26167,000000
26167,000000
26167,000000
26167,000000
26167,000000
26167,000000
26167,000000
26167,000000
26167,000000
26167,000000
26167,000000
26167,000000
26167,000000
26167,000000
26167,000000
26167,000000
26167,000000
26167,000000
26167,000000
26167,000000
26167,000000
26167,000000
26167,000000
26167,000000
26167,000000
26167,000000
26167,000000
26167,000000
26167,000000
26167,000000
26167,000000
26167,000000
26167,000000
26166,000000
26166,000000
26166,000000
26166,000000
26166,000000
26166,000000
26166,000000
26166,000000
26166,000000
26166,000000
26166,000000
26166,000000
26166,000000
26166,000000
26166,000000
26166,000000
26166,000000
26166,000000
26166,000000
26123,000000
26123,000000
26123,000000
26123,000000
26123,000000
26123,000000
26123,000000
26123,000000
26123,000000
26123,000000
26123,000000
26123,000000
26123,000000
26123,000000
26123,000000
26123,000000
26123,000000
26123,000000
26123,000000
26123,000000
26123,000000
26123,000000
26123,000000
26123,000000
26123,000000
26123,000000
26123,000000
26123,000000
26123,000000
26123,000000
26123,000000
26123,000000
26123,000000
26123,000000
26123,000000
26123,000000
26123,000000
26123,000000
26123,000000
26123,000000
26123,000000
26123,000000
26123,000000
26123,000000
26123,000000
26123,000000
26123,000000
26123,000000
26123,000000
26123,000000
26123,000000
26123,000000
26123,000000
26123,000000
26123,000000
26123,000000
26123,000000
26123,000000
26123,000000
26123,000000
26123,000000
26123,000000
26123,000000
26123,000000
26123,000000
26123,000000
26123,000000
26123,000000
26123,000000
26123,000000
26123,000000
26123,000000
26123,000000
26123,000000
26123,000000
26123,000000
26123,000000
26123,000000
26123,000000
26116,000000
26116,000000
26116,000000
26116,000000
26116,000000
26116,000000
26116,000000
26116,000000
26116,000000
26116,000000
26116,000000
26116,000000
26116,000000
26116,000000
26116,000000
26116,000000
26116,000000
26116,000000
26116,000000
26116,000000
26116,000000
26116,000000
26116,000000
26116,000000
26116,000000
26116,000000
26116,000000
26116,000000
26116,000000
26116,000000
26116,000000
26116,000000
26116,000000
26116,000000
26116,000000
26116,000000
26116,000000
26116,000000
26116,000000
26116,000000
26116,000000
26114,000000
26114,000000
26114,000000
26114,000000
26114,000000
26114,000000
26114,000000
26114,000000
26114,000000
26114,000000
26114,000000
26114,000000
26114,000000
26007,000000
26007,000000
26007,000000
26007,000000
26007,000000
26007,000000
26007,000000
26007,000000
26007,000000
26007,000000
26007,000000
26007,000000
26007,000000
26007,000000
25970,000000
25970,000000
25970,000000
25970,000000
25970,000000
25970,000000
25970,000000
25970,000000
25970,000000
25970,000000
25970,000000
25970,000000
25970,000000
25970,000000
25954,000000
25954,000000
25954,000000
25954,000000
25954,000000
25954,000000
25954,000000
25954,000000
25954,000000
25940,000000
25940,000000
25856,000000
25856,000000
25856,000000
25856,000000
25856,000000
25856,000000
25856,000000
25856,000000
25856,000000
25856,000000
25856,000000
25856,000000
25856,000000
25856,000000
25856,000000
25856,000000
25856,000000
25856,000000
25856,000000
25856,000000
25856,000000
25856,000000
25856,000000
25856,000000
25856,000000
25856,000000
25856,000000
25856,000000
25856,000000
25856,000000
25856,000000
25856,000000
25856,000000
25856,000000
25856,000000
25856,000000
25856,000000
25856,000000
25856,000000
25856,000000
25856,000000
25856,000000
25856,000000
25856,000000
25856,000000
25856,000000
25856,000000
25856,000000
25856,000000
25856,000000
25856,000000
25856,000000
25856,000000
25856,000000
25856,000000
25856,000000
25856,000000
25856,000000
25856,000000
25856,000000
25856,000000
25856,000000
25856,000000
25856,000000
25856,000000
25856,000000
25856,000000
25856,000000
25856,000000
25856,000000
25856,000000
25856,000000
25856,000000
25856,000000
25856,000000
25856,000000
25856,000000
25856,000000
25856,000000
25856,000000
25856,000000
25856,000000
25856,000000
25856,000000
25856,000000
25856,000000
25856,000000
25856,000000
25856,000000
25856,000000
25856,000000
25856,000000
25856,000000
25856,000000
25856,000000
25856,000000
25856,000000
25856,000000
25856,000000
25856,000000
25838,000000
25838,000000
25838,000000
25838,000000
25838,000000
25838,000000
25838,000000
25838,000000
25838,000000
25838,000000
25838,000000
25838,000000
25838,000000
25838,000000
25838,000000
25838,000000
25838,000000
25838,000000
25838,000000
25838,000000
25838,000000
25833,000000
